0.2100
0.1124
0.2584
0.0556
0.3840
0.3032
0.3576
0.1388
0.1904
0.3424
0.1720
0.2532
0.3824
0.2920
0.1912
0.2164
0.0648
0.1288
0.0724
0.3092
0.1116
0.3140
0.1532
0.0756
0.2244
0.3128
0.1892
0.3212
0.3712
0.0808
0.3728
0.0584
0.2060
0.1968
0.1756
0.1072
0.3976
0.3780
0.3980
0.1736
0.0504
0.2492
0.1916
0.0656
0.3480
0.3124
0.3336
0.1844
0.3316
0.2316
0.3392
0.1128
0.2524
0.2800
0.1992
0.2264
0.0752
0.1396
0.0656
0.3960
0.0508
0.2140
0.3260
0.1452
0.0684
0.1236
0.3212
0.3412
0.1652
0.0444
0.3676
0.3372
0.3556
0.1268
0.0752
0.3736
0.2596
0.2644
0.1516
0.2308
0.0704
0.1484
0.1500
0.2388
0.1312
0.2408
0.0860
0.2416
0.1460
0.0744
0.1084
0.1768
0.1576
0.0900
0.1004
0.3388
0.1104
0.2216
0.2148
0.3404
